37
39
40
42
57
73
128
130
143
164
186
214
216
223
244
380
455
463
464
498
525
549
573
591
612
616
655
693
765
803
903
939
947
980
1009
1034
1061
1094
1111
1122
1129
1165
1218
1235
1272
1279
1300
1321
1322
1389
1407
1426
1529
1533
1548
1625
1635
1653
1681
1705
1714
1726
1742
1747
1750
1751
1758
1771
1802
1824
1852
1897
1922
1928
1929
1930
1936
1941
1983
1995
2034
2042
2061
2118
2124
2190
2205
2216
2219
2255
2261
2296
2311
2318
2324
2325
2333
2351
2363
2456
2523
2555
2681
2763
2766
2776
2788
2794
2817
2853
2876
2898
2900
2947
2997
3000
3002
3034
3052
3057
3079
3168
3170
3212
3213
3222
3268
3358
3373
3405
3428
3434
3468
3518
3526
3536
3595
3601
3661
3670
3699
3701
3711
3740
3744
3763
3789
3822
3835
3855
3896
3949
3961
4075
4103
4108
4118
4136
4149
4177
4190
4243
4260
4372
4416
4469
4512
4539
4547
4641
4649
4668
4725
4736
4756
4820
4851
4852
4854
4867
4888
4917
4953
4963
4973
4981
4994
5017
5018
5047
5055
5113
5122
5128
5178
5237
5271
5307
5342
5413
5459
5460
5466
5473
5486
5525
5531
5542
5557
5567
5621
5635
5658
5679
5683
5705
5731
5735
5736
5745
5759
5788
5792
5793
5857
5879
5910
5911
5918
5942
5947
5981
6010
6014
6032
6034
6056
6118
6131
6148
6171
6193
6225
6239
6251
6272
6274
6277
6295
6298
6350
6357
6386
6393
6401
6426
6457
6484
6497
6530
6533
6579
6606
6607
6624
6627
6650
6655
6657
6684
6723
6745
6747
6772
6823
6836
6852
6853
6896
6962
6964
6983
7010
7105
7106
7117
7126
7159
7225
7235
7260
7268
7280
7291
7296
7326
7394
7405
7416
7420
7455
7467
7469
7487
7532
7592
7594
7605
7620
7786
7812
7880
7899
7906
7917
8024
8058
8060
8120
8140
8142
8163
8195
8202
8245
8281
8319
8336
8348
8351
8375
8376
8422
8443
8532
8591
8639
8701
8744
8755
8767
8775
8790
8806
8809
8811
8840
8882
8899
8905
8907
8922
8942
8956
8987
9017
9030
9054
9055
9096
9103
9116
9140
9158
9167
9198
9214
9223
9285
9301
9334
9341
9368
9384
9391
9444
9446
9491
9519
9548
9622
9639
9649
9682
9685
9687
9702
9707
9720
9733
9785
9811
9812
9866
9989
10001
10002
10004
10005
10033
10180
10197
10231
10294
10298
10323
10347
10376
10384
10405
10438
10442
10444
10446
10448
10456
10474
10504
10568
10570
10571
10579
10589
10636
10660
10746
10752
10835
10841
10847
10900
10928
11001
11026
11100
11135
11159
11171
11201
11205
11284
11293
11294
11333
11343
11381
11405
11408
11421
11435
11437
11454
11491
11508
11525
11528
11551
11572
11580
11591
11610
11619
11659
11679
11701
11707
11715
11737
11745
11754
11776
11791
11834
11835
11851
11964
11992
11998
12045
12047
12094
12131
12132
12137
12160
12174
12177
12203
12260
12261
12262
12294
12295
12299
12301
12313
12317
12499
12540
12569
12586
12590
12623
12640
12642
12654
12656
12664
12670
12744
12816
12857
12877
12919
12946
12990
13042
13045
13122
13127
13133
13147
13167
13208
13219
13232
13239
13259
13262
13264
13336
13351
13357
13379
13448
13452
13457
13551
13565
13602
13628
13647
13648
13651
13670
13710
13717
13718
13722
13738
13755
13791
13797
13830
13885
13886
13897
13944
13955
13965
14089
14091
14111
14133
14142
14235
14236
14264
14316
14317
14321
14341
14345
14383
14411
14438
14475
14490
14500
14503
14523
14524
14530
14548
14611
14615
14707
14712
14715
14736
14738
14747
14814
14847
14862
14863
14885
14903
14914
14930
14990
14998
15001
15023
15042
15049
15067
15069
15101
15107
15112
15157
15160
15161
15199
15200
15232
15248
15254
15256
15275
15277
15301
15308
15314
15340
15406
15407
15410
15483
15490
15534
15578
15615
15644
15670
15672
15681
15689
15717
15769
15771
15792
15834
15849
15857
15872
15929
15970
15986
15989
16006
16017
16085
16093
16142
16179
16182
16213
16229
16242
16289
16293
16302
16351
16382
16409
16418
16420
16445
16463
16477
16490
16492
16497
16500
16559
16635
16646
16648
16654
16680
16689
16720
16721
16756
16944
16960
16965
16974
16976
16985
17017
17032
17073
17087
17098
17126
17145
17149
17181
17184
17198
17211
17314
17356
17366
17381
17389
17400
17424
17443
17486
17491
17600
17604
17620
17680
17695
17770
17836
17841
17862
17894
17916
17939
17947
17966
17973
17979
17984
18052
18088
18106
18166
18184
18185
18230
18270
18279
18312
18388
18432
18476
18523
18531
18534
18546
18549
18563
18566
18595
18621
18735
18821
18943
19026
19066
19085
19102
19121
19131
19165
19209
19216
19241
19268
19273
19295
19352
19359
19378
19389
19401
19417
19433
19445
19453
19456
19458
19479
19492
19506
19525
19560
19578
19588
19603
19611
19629
19657
19660
19735
19879
19927
19932
19965
19970
20022
20039
20054
20063
20088
20094
20107
20109
20121
20124
20160
20172
20175
20177
20223
20242
20266
20276
20279
20286
20304
20331
20333
20361
20380
20423
20437
20438
20446
20476
20511
20525
20573
20713
20717
20754
20760
20765
20784
20790
20793
20822
20860
20911
20954
21008
21018
21019
21023
21030
21031
21069
21074
21085
21095
21118
21122
21183
21196
21294
21304
21451
21480
21481
21554
21559
21585
21689
21724
21733
21740
21745
21821
21852
21890
21957
21993
22011
22049
22050
22065
22090
22134
22177
22212
22257
22260
22264
22266
22368
22421
22432
22448
22519
22581
22583
22590
22622
22623
22641
22665
22679
22691
22707
22717
22719
22729
22820
22842
22855
22857
22882
22902
22906
22909
22918
23011
23041
23054
23104
23107
23113
23136
23173
23178
23189
23246
23293
23308
23334
23337
23370
23377
23407
23409
23417
23423
23429
23494
23631
23651
23667
23672
23679
23723
23727
23739
23770
23878
23916
23978
24026
24047
24073
24092
24104
24122
24154
24163
24173
24228
24232
24252
24279
24301
24326
24432
24439
24454
24479
24494
24501
24527
24535
24574
24590
24636
24640
24644
24674
24705
24721
24724
24745
24747
24786
24821
24837
24848
24891
24953
24958
25007
25025
25039
25073
25119
25129
25134
25170
25187
25191
25212
25214
25234
25266
25281
25296
25299
25332
25361
25409
25415
25431
